##
39
91
10
126
213
875
82
939
7
230
219
162
37
811
107
699
181
22
568
654
897
65
217
467
186
414
88
688
444
355
801
94
100
507
278
300
599
29
229
915
456
90
319
604
434
387
405
430
574
114
288
813
192
345
310
587
470
885
515
397
189
731
839
1
155
253
916
341
174
454
3
767
362
436
224
824
15
439
763
16
293
260
48
490
408
674
350
336
806
45
793
35
970
380
188
60
528
760
413
670
746
133
546
826
526
238
334
669
257
542
23
697
685
563
925
907
586
326
423
673
817
996
20
202
770
551
87
595
304
420
183
675
368
332
295
569
984
469
157
476
810
556
802
502
138
487
74
539
628
193
878
498
316
323
369
283
250
524
331
941
886
917
412
447
248
329
50
497
873
536
846
41
346
638
351
129
672
0
560
458
922
571
799
991
196
158
749
170
877
308
356
400
974
964
759
725
47
42
26
275
605
896
141
664
391
776
249
152
128
710
684
769
583
402
559
340
965
972
868
239
545
723
282
944
135
404
449
795
54
32
744
228
264
209
442
279
606
616
736
242
784
382
392
70
998
144
214
291
284
19
686
747
388
25
840
240
514
518
265
379
579
176
879
794
861
421
451
505
119
613
4
338
40
728
548
849
926
389
543
448
706
13
751
169
385
960
349
834
53
693
704
690
828
657
668
132
294
415
930
805
272
184
622
700
634
86
394
124
147
475
617
359
618
145
164
753
531
418
463
200
745
358
18
636
703
701
234
235
913
130
95
105
816
541
416
237
653
422
313
127
96
175
30
398
525
844
800
957
348
792
692
233
952
194
633
328
626
465
143
6
980
335
492
468
561
983
433
575
934
123
461
258
866
271
880
69
407
540
603
990
942
959
643
555
484
565
680
946
136
97
298
343
847
365
9
642
263
450
995
966
788
62
962
455
190
782
780
871
554
719
180
739
975
464
663
252
223
639
262
580
836
650
386
366
666
814
210
729
206
807
940
191
825
8
611
837
125
167
383
73
547
931
113
550
519
327
512
696
401
255
384
882
789
417
997
64
774
268
36
140
71
918
584
910
493
738
529
831
833
266
375
103
146
854
109
743
83
377
532
804
911
168
768
724
755
578
80
52
63
115
399
775
246
523
376
853
110
354
713
58
378
874
876
244
589
848
762
267
201
582
815
921
79
5
757
160
593
716
883
835
34
592
819
752
171
485
535
615
363
251
510
199
205
506
281
557
602
215
195
779
715
112
117
419
625
33
750
166
121
860
445
99
829
662
84
460
986
198
856
431
764
232
182
353
150
486
898
979
573
154
630
491
864
987
988
637
597
601
28
928
92
333
231
594
426
631
297
778
276
172
621
562
496
741
212
721
241
827
428
923
761
869
790
2
104
227
296
549
500
707
277
720
173
955
68
437
14
12
968
424
27
956
572
607
118
553
56
648
821
501
216
472
687
148
566
187
655
787
360
714
261
851
705
429
823
102
453
78
936
395
309
432
337
884
211
225
912
411
651
59
632
357
644
681
791
480
457
958
527
765
289
596
903
863
273
698
694
735
165
679
682
269
226
564
517
44
609
798
660
489
440
992
499
932
410
77
509
66
508
895
290
691
734
588
55
305
772
522
161
818
576
635
859
610
640
758
994
318
287
888
302
989
21
726
307
222
709
629
106
737
967
976
845
441
139
645
899
708
949
608
320
511
478
11
280
982
322
101
781
717
406
488
521
367
786
481
678
841
373
185
207
620
857
865
647
933
766
483
727
809
503
641
862
247
950
370
466
900
683
627
347
909
718
122
667
149
516
985
649
218
43
924
773
858
462
623
372
371
901
134
740
131
203
920
177
374
902
872
881
619
843
153
299
656
927
315
116
534
733
577
504
204
570
961
999
894
730
796
51
771
330
352
67
17
689
178
977
120
494
537
906
245
482
822
89
220
585
312
567
438
321
474
598
61
870
364
914
890
971
156
842
830
544
24
179
473
459
951
301
93
325
943
671
142
533
285
754
208
151
446
803
905
339
978
108
477
342
76
614
929
409
832
274
661
659
893
57
538
646
72
742
256
137
820
221
306
163
935
732
390
891
973
425
600
530
676
947
98
513
452
85
624
75
427
748
838
783
785
919
722
852
658
38
812
590
954
197
712
435
887
361
938
403
393
908
344
81
777
855
945
243
314
558
889
937
520
46
396
495
479
665
159
471
797
286
711
652
993
612
31
324
808
381
904
270
867
303
850
591
111
948
236
953
581
254
695
443
677
963
892
49
969
552
702
311
981
292
259
756
317