##
25
62
42
163
73
148
137
159
41
9
162
16
139
181
187
96
72
56
99
4
125
117
86
71
111
178
196
105
172
63
106
118
199
168
122
130
194
7
43
50
68
10
174
76
83
93
64
81
18
165
142
133
110
54
167
195
134
169
109
170
173
5
11
138
59
27
188
70
67
82
189
190
160
80
192
120
136
153
3
48
146
129
121
176
140
44
35
144
1
179
37
175
14
94
55
60
39
115
155
119
46
98
17
21
143
13
77
30
108
24
87
66
145
6
20
184
150
31
126
104
90
2
75
51
100
112
78
89
131
97
197
102
19
147
116
113
85
34
33
40
52
69
15
157
0
158
193
22
164
171
53
28
57
65
92
156
183
152
29
91
8
61
132
23
88
26
101
79
186
74
103
166
49
135
84
182
128
114
127
47
141
36
123
38
177
58
180
95
12
185
32
107
151
124
191
149
161
45
198
154