##
463
68
19
99
38
406
91
270
387
126
88
12
24
135
10
429
55
466
84
161
328
353
30
181
261
112
276
63
14
456
407
296
156
436
123
385
53
20
146
373
149
274
51
175
3
39
408
6
56
224
121
358
26
178
300
246
67
339
273
36
162
412
315
281
453
87
212
76
222
483
285
171
139
425
148
438
280
98
291
484
200
8
164
141
34
187
77
85
392
198
298
445
153
375
349
64
193
489
279
199
189
15
151
101
82
217
165
267
89
471
21
158
299
208
465
357
313
95
58
323
256
107
176
325
93
434
350
203
59
230
271
341
416
157
265
311
389
231
219
303
260
306
297
347
74
118
184
90
351
48
73
382
185
304
326
399
195
61
433
324
46
440
376
290
251
257
92
232
485
102
393
494
186
206
191
238
180
319
421
342
233
124
41
410
204
444
241
348
253
96
133
329
266
182
35
160
318
269
441
120
235
497
134
154
114
264
215
487
476
316
32
69
491
166
431
258
152
79
240
447
47
454
1
278
229
25
214
312
289
293
334
330
110
430
155
394
18
262
450
210
282
128
344
213
174
477
259
411
159
301
109
145
380
335
263
460
252
398
340
499
236
370
17
482
486
472
396
423
45
37
168
354
478
448
386
367
245
2
220
150
108
205
284
435
62
409
390
443
455
103
470
437
439
75
201
362
13
247
170
27
451
338
343
384
40
475
467
167
352
417
129
42
9
383
360
488
4
111
292
286
474
492
72
277
177
54
104
44
479
462
422
179
239
242
7
294
402
196
136
336
400
403
331
365
115
418
0
377
322
355
132
80
244
188
413
405
337
359
464
5
33
391
378
490
106
83
243
250
70
60
221
137
234
272
81
428
414
43
125
138
432
49
122
192
197
228
310
202
142
361
209
207
368
190
100
249
345
446
16
71
130
57
144
127
225
66
50
415
163
29
461
211
216
356
117
379
469
371
346
65
283
275
86
78
374
248
381
366
287
23
458
172
317
372
419
395
442
28
113
363
468
388
302
305
452
473
309
22
116
333
105
11
255
457
218
288
401
173
97
404
459
183
420
481
369
223
449
254
143
332
327
320
147
364
94
226
493
131
295
314
140
496
308
52
397
119
237
495
227
480
194
321
424
268
427
498
31
307
426
169